0.0303859
0.301174
0.961804
2.18288
4.19016
7.27355
11.787
18.1275
26.6766
37.7018
51.2416
67.026
84.4808
102.815
121.179
138.873
155.496
170.937
185.235
198.319
210.303
221.63
232.423
242.42
252.01
260.769
267.877
273.636
278.295
281.421
282.69
282.669
281.43
278.659
274.528
268.78
261.259
253.886
246.946
239.727
232.306
224.424
215.871
206.313
195.949
184.757
172.502
159.093
144.453
128.603
111.736
94.2523
76.7995
60.1951
45.2481
32.5553
22.3808
14.656
9.07694
5.23659
2.72868
1.20199
0.376337
0.0380561
